排名,标题,链接,热点
1,悬赏通缉3名美国特工,https://s.weibo.com/weibo?q=%23%E9%A9%AC%E6%96%B9%E7%83%AD%E7%83%88%E6%AC%A2%E8%BF%8E%E4%B9%A0%E4%B8%BB%E5%B8%AD%E5%88%B0%E8%AE%BF%23&Refer=new_time, 295970
2,美国被曝要去深海非法挖稀土,https://s.weibo.com/weibo?q=%23%E6%82%AC%E8%B5%8F%E9%80%9A%E7%BC%893%E5%90%8D%E7%BE%8E%E5%9B%BD%E7%89%B9%E5%B7%A5%23&t=31&band_rank=1&Refer=top, 294177
3,反网络霸权网警在行动,https://s.weibo.com/weibo?q=%23%E7%BE%8E%E5%9B%BD%E8%A2%AB%E6%9B%9D%E8%A6%81%E5%8E%BB%E6%B7%B1%E6%B5%B7%E9%9D%9E%E6%B3%95%E6%8C%96%E7%A8%80%E5%9C%9F%23&t=31&band_rank=2&Refer=top, 270693
4,OPPOFindX8s及Ultra今日开售,https://s.weibo.com/weibo?q=%23%E5%8F%8D%E7%BD%91%E7%BB%9C%E9%9C%B8%E6%9D%83%E7%BD%91%E8%AD%A6%E5%9C%A8%E8%A1%8C%E5%8A%A8%23&t=31&band_rank=3&Refer=top, 
5,超市闭店清仓500多辆购物车丢失,https://s.weibo.comjavascript:void(0);, 265454
6,家具厂女员工拒绝向普京透露工资,https://s.weibo.com/weibo?q=%23%E8%B6%85%E5%B8%82%E9%97%AD%E5%BA%97%E6%B8%85%E4%BB%93500%E5%A4%9A%E8%BE%86%E8%B4%AD%E7%89%A9%E8%BD%A6%E4%B8%A2%E5%A4%B1%23&t=31&band_rank=4&Refer=top, 123764
7,中国稀土管制扼住美军工命脉,https://s.weibo.com/weibo?q=%23%E5%AE%B6%E5%85%B7%E5%8E%82%E5%A5%B3%E5%91%98%E5%B7%A5%E6%8B%92%E7%BB%9D%E5%90%91%E6%99%AE%E4%BA%AC%E9%80%8F%E9%9C%B2%E5%B7%A5%E8%B5%84%23&t=31&band_rank=5&Refer=top, 96011
8,湖北荆州市委书记任上被查,https://s.weibo.com/weibo?q=%23%E4%B8%AD%E5%9B%BD%E7%A8%80%E5%9C%9F%E7%AE%A1%E5%88%B6%E6%89%BC%E4%BD%8F%E7%BE%8E%E5%86%9B%E5%B7%A5%E5%91%BD%E8%84%89%23&t=31&band_rank=6&Refer=top, 89589
9,男子疑因思念亡妻无法释怀去世,https://s.weibo.com/weibo?q=%23%E6%B9%96%E5%8C%97%E8%8D%86%E5%B7%9E%E5%B8%82%E5%A7%94%E4%B9%A6%E8%AE%B0%E4%BB%BB%E4%B8%8A%E8%A2%AB%E6%9F%A5%23&t=31&band_rank=7&Refer=top, 87114
10,这5类电话打进来直接挂断,https://s.weibo.com/weibo?q=%23%E7%94%B7%E5%AD%90%E7%96%91%E5%9B%A0%E6%80%9D%E5%BF%B5%E4%BA%A1%E5%A6%BB%E6%97%A0%E6%B3%95%E9%87%8A%E6%80%80%E5%8E%BB%E4%B8%96%23&t=31&band_rank=8&Refer=top, 81769
11,折腰没播,https://s.weibo.com/weibo?q=%23%E8%BF%995%E7%B1%BB%E7%94%B5%E8%AF%9D%E6%89%93%E8%BF%9B%E6%9D%A5%E7%9B%B4%E6%8E%A5%E6%8C%82%E6%96%AD%23&t=31&band_rank=9&Refer=top,剧集 80682
12,玫瑰,https://s.weibo.com/weibo?q=%23%E6%8A%98%E8%85%B0%E6%B2%A1%E6%92%AD%23&t=31&band_rank=10&Refer=top, 78448
13,丈夫怒怼网友有子宫就有资格做母亲,https://s.weibo.com/weibo?q=%E7%8E%AB%E7%91%B0&t=31&band_rank=11&Refer=top, 76707
14,毛子一家生活点滴,https://s.weibo.com/weibo?q=%23%E4%B8%88%E5%A4%AB%E6%80%92%E6%80%BC%E7%BD%91%E5%8F%8B%E6%9C%89%E5%AD%90%E5%AE%AB%E5%B0%B1%E6%9C%89%E8%B5%84%E6%A0%BC%E5%81%9A%E6%AF%8D%E4%BA%B2%23&t=31&band_rank=12&Refer=top, 74680
15,他以身入局把13岁健全的女儿捆在身上,https://s.weibo.com/weibo?q=%23%E6%AF%9B%E5%AD%90%E4%B8%80%E5%AE%B6%E7%94%9F%E6%B4%BB%E7%82%B9%E6%BB%B4%23&t=31&band_rank=13&Refer=top, 72246
16,原来艺人的收入是这样算的,https://s.weibo.com/weibo?q=%E4%BB%96%E4%BB%A5%E8%BA%AB%E5%85%A5%E5%B1%80%E6%8A%8A13%E5%B2%81%E5%81%A5%E5%85%A8%E7%9A%84%E5%A5%B3%E5%84%BF%E6%8D%86%E5%9C%A8%E8%BA%AB%E4%B8%8A&t=31&band_rank=14&Refer=top, 70603
17,心疼川川,https://s.weibo.com/weibo?q=%23%E5%8E%9F%E6%9D%A5%E8%89%BA%E4%BA%BA%E7%9A%84%E6%94%B6%E5%85%A5%E6%98%AF%E8%BF%99%E6%A0%B7%E7%AE%97%E7%9A%84%23&t=31&band_rank=15&Refer=top, 69685
18,全网都在问肖战来武汉干啥,https://s.weibo.com/weibo?q=%E5%BF%83%E7%96%BC%E5%B7%9D%E5%B7%9D&t=31&band_rank=16&Refer=top, 65590
19,演员童正维去世,https://s.weibo.com/weibo?q=%23%E5%85%A8%E7%BD%91%E9%83%BD%E5%9C%A8%E9%97%AE%E8%82%96%E6%88%98%E6%9D%A5%E6%AD%A6%E6%B1%89%E5%B9%B2%E5%95%A5%23&t=31&band_rank=17&Refer=top, 57106
20,李昊怎么了,https://s.weibo.com/weibo?q=%23%E6%BC%94%E5%91%98%E7%AB%A5%E6%AD%A3%E7%BB%B4%E5%8E%BB%E4%B8%96%23&t=31&band_rank=18&Refer=top, 50598
21,遍地高仿货minmin背刺多少消费者,https://s.weibo.com/weibo?q=%23%E6%9D%8E%E6%98%8A%E6%80%8E%E4%B9%88%E4%BA%86%23&t=31&band_rank=19&Refer=top, 50265
22,29岁女生不停运动6个月后,https://s.weibo.com/weibo?q=%23%E9%81%8D%E5%9C%B0%E9%AB%98%E4%BB%BF%E8%B4%A7minmin%E8%83%8C%E5%88%BA%E5%A4%9A%E5%B0%91%E6%B6%88%E8%B4%B9%E8%80%85%23&t=31&band_rank=20&Refer=top, 49892
23,王一博长期贡献乐华超六成营收,https://s.weibo.com/weibo?q=%2329%E5%B2%81%E5%A5%B3%E7%94%9F%E4%B8%8D%E5%81%9C%E8%BF%90%E5%8A%A86%E4%B8%AA%E6%9C%88%E5%90%8E%23&t=31&band_rank=21&Refer=top, 49252
24,赵露思特别近的生图,https://s.weibo.com/weibo?q=%23%E7%8E%8B%E4%B8%80%E5%8D%9A%E9%95%BF%E6%9C%9F%E8%B4%A1%E7%8C%AE%E4%B9%90%E5%8D%8E%E8%B6%85%E5%85%AD%E6%88%90%E8%90%A5%E6%94%B6%23&t=31&band_rank=22&Refer=top, 43091
25,家属回应男子思念亡妻无法释怀去世,https://s.weibo.com/weibo?q=%23%E8%B5%B5%E9%9C%B2%E6%80%9D%E7%89%B9%E5%88%AB%E8%BF%91%E7%9A%84%E7%94%9F%E5%9B%BE%23&t=31&band_rank=23&Refer=top, 39001
26,苏炳添结婚近9年儿女双全,https://s.weibo.com/weibo?q=%23%E5%AE%B6%E5%B1%9E%E5%9B%9E%E5%BA%94%E7%94%B7%E5%AD%90%E6%80%9D%E5%BF%B5%E4%BA%A1%E5%A6%BB%E6%97%A0%E6%B3%95%E9%87%8A%E6%80%80%E5%8E%BB%E4%B8%96%23&t=31&band_rank=24&Refer=top, 36775
27,张予曦离开欢瑞,https://s.weibo.com/weibo?q=%23%E8%8B%8F%E7%82%B3%E6%B7%BB%E7%BB%93%E5%A9%9A%E8%BF%919%E5%B9%B4%E5%84%BF%E5%A5%B3%E5%8F%8C%E5%85%A8%23&t=31&band_rank=25&Refer=top, 36748
28,西安回应网友建议学校取消用电子屏,https://s.weibo.com/weibo?q=%23%E5%BC%A0%E4%BA%88%E6%9B%A6%E7%A6%BB%E5%BC%80%E6%AC%A2%E7%91%9E%23&t=31&band_rank=26&Refer=top, 36692
29,张予曦在浪姐爆哭,https://s.weibo.com/weibo?q=%23%E8%A5%BF%E5%AE%89%E5%9B%9E%E5%BA%94%E7%BD%91%E5%8F%8B%E5%BB%BA%E8%AE%AE%E5%AD%A6%E6%A0%A1%E5%8F%96%E6%B6%88%E7%94%A8%E7%94%B5%E5%AD%90%E5%B1%8F%23&t=31&band_rank=27&Refer=top,综艺 36689
30,无忧渡,https://s.weibo.com/weibo?q=%23%E5%BC%A0%E4%BA%88%E6%9B%A6%E5%9C%A8%E6%B5%AA%E5%A7%90%E7%88%86%E5%93%AD%23&t=31&band_rank=28&Refer=top,剧集 36647
31,Jennie科切拉,https://s.weibo.com/weibo?q=%E6%97%A0%E5%BF%A7%E6%B8%A1&t=31&band_rank=29&Refer=top,演出 36583
32,肖战武汉,https://s.weibo.com/weibo?q=Jennie%E7%A7%91%E5%88%87%E6%8B%89&t=31&band_rank=30&Refer=top, 36526
33,终于有电视剧敢拍国安抓间谍了,https://s.weibo.com/weibo?q=%E8%82%96%E6%88%98%E6%AD%A6%E6%B1%89&t=31&band_rank=31&Refer=top, 36523
34,滨崎步的腰,https://s.weibo.com/weibo?q=%E7%BB%88%E4%BA%8E%E6%9C%89%E7%94%B5%E8%A7%86%E5%89%A7%E6%95%A2%E6%8B%8D%E5%9B%BD%E5%AE%89%E6%8A%93%E9%97%B4%E8%B0%8D%E4%BA%86&t=31&band_rank=32&Refer=top, 36330
35,男子怕被妻子发现喝酒从18楼扔下酒瓶,https://s.weibo.com/weibo?q=%E6%BB%A8%E5%B4%8E%E6%AD%A5%E7%9A%84%E8%85%B0&t=31&band_rank=33&Refer=top, 32405
36,特朗普上一任期被指让美减少7.5万岗位,https://s.weibo.com/weibo?q=%23%E7%94%B7%E5%AD%90%E6%80%95%E8%A2%AB%E5%A6%BB%E5%AD%90%E5%8F%91%E7%8E%B0%E5%96%9D%E9%85%92%E4%BB%8E18%E6%A5%BC%E6%89%94%E4%B8%8B%E9%85%92%E7%93%B6%23&t=31&band_rank=34&Refer=top, 31615
37,时代少年团祝张真源22岁生日快乐,https://s.weibo.com/weibo?q=%23%E7%89%B9%E6%9C%97%E6%99%AE%E4%B8%8A%E4%B8%80%E4%BB%BB%E6%9C%9F%E8%A2%AB%E6%8C%87%E8%AE%A9%E7%BE%8E%E5%87%8F%E5%B0%917.5%E4%B8%87%E5%B2%97%E4%BD%8D%23&t=31&band_rank=35&Refer=top, 30811
38,日本不准备向美国做重大让步,https://s.weibo.com/weibo?q=%23%E6%97%B6%E4%BB%A3%E5%B0%91%E5%B9%B4%E5%9B%A2%E7%A5%9D%E5%BC%A0%E7%9C%9F%E6%BA%9022%E5%B2%81%E7%94%9F%E6%97%A5%E5%BF%AB%E4%B9%90%23&t=31&band_rank=36&Refer=top, 30806
39,大妈为年轻10岁做媚眼后哗哗流泪,https://s.weibo.com/weibo?q=%23%E6%97%A5%E6%9C%AC%E4%B8%8D%E5%87%86%E5%A4%87%E5%90%91%E7%BE%8E%E5%9B%BD%E5%81%9A%E9%87%8D%E5%A4%A7%E8%AE%A9%E6%AD%A5%23&t=31&band_rank=37&Refer=top, 30096
40,让美国乡巴佬在中华悠久历史前哀鸣,https://s.weibo.com/weibo?q=%23%E5%A4%A7%E5%A6%88%E4%B8%BA%E5%B9%B4%E8%BD%BB10%E5%B2%81%E5%81%9A%E5%AA%9A%E7%9C%BC%E5%90%8E%E5%93%97%E5%93%97%E6%B5%81%E6%B3%AA%23&t=31&band_rank=38&Refer=top, 29565
41,中越发表联合声明,https://s.weibo.com/weibo?q=%23%E8%AE%A9%E7%BE%8E%E5%9B%BD%E4%B9%A1%E5%B7%B4%E4%BD%AC%E5%9C%A8%E4%B8%AD%E5%8D%8E%E6%82%A0%E4%B9%85%E5%8E%86%E5%8F%B2%E5%89%8D%E5%93%80%E9%B8%A3%23&t=31&band_rank=39&Refer=top, 28421
42,TheShy状态,https://s.weibo.com/weibo?q=%23%E4%B8%AD%E8%B6%8A%E5%8F%91%E8%A1%A8%E8%81%94%E5%90%88%E5%A3%B0%E6%98%8E%23&t=31&band_rank=40&Refer=top, 27053
43,谁在床上吃贡菜呢,https://s.weibo.com/weibo?q=TheShy%E7%8A%B6%E6%80%81&t=31&band_rank=41&Refer=top, 26538
44,Doinb太牛了,https://s.weibo.com/weibo?q=%E8%B0%81%E5%9C%A8%E5%BA%8A%E4%B8%8A%E5%90%83%E8%B4%A1%E8%8F%9C%E5%91%A2&t=31&band_rank=42&Refer=top, 24888
45,zeta,https://s.weibo.com/weibo?q=Doinb%E5%A4%AA%E7%89%9B%E4%BA%86&t=31&band_rank=43&Refer=top, 23686
46,天赐的声音,https://s.weibo.com/weibo?q=zeta&t=31&band_rank=44&Refer=top,综艺 23686
47,毛子 总有另一面,https://s.weibo.com/weibo?q=%E5%A4%A9%E8%B5%90%E7%9A%84%E5%A3%B0%E9%9F%B3&t=31&band_rank=45&Refer=top, 23680
48,美国或有更多人失去工作,https://s.weibo.com/weibo?q=%E6%AF%9B%E5%AD%90%20%E6%80%BB%E6%9C%89%E5%8F%A6%E4%B8%80%E9%9D%A2&t=31&band_rank=46&Refer=top, 23679
49,韩国公交女司机救中国留学生,https://s.weibo.com/weibo?q=%23%E7%BE%8E%E5%9B%BD%E6%88%96%E6%9C%89%E6%9B%B4%E5%A4%9A%E4%BA%BA%E5%A4%B1%E5%8E%BB%E5%B7%A5%E4%BD%9C%23&t=31&band_rank=47&Refer=top, 23677
50,结果都那样,https://s.weibo.com/weibo?q=%E9%9F%A9%E5%9B%BD%E5%85%AC%E4%BA%A4%E5%A5%B3%E5%8F%B8%E6%9C%BA%E6%95%91%E4%B8%AD%E5%9B%BD%E7%95%99%E5%AD%A6%E7%94%9F&t=31&band_rank=48&Refer=top, 23673
51,医学生有属于自己的综艺节目,https://s.weibo.com/weibo?q=%E7%BB%93%E6%9E%9C%E9%83%BD%E9%82%A3%E6%A0%B7&t=31&band_rank=49&Refer=top, 23671
